292 ΕΞ. ΞΗ, 111-111

1115111 151155 11511515 5551511115, 1151111155 1311555 5111 5551111551 115 5511111115
v. 13 555155151151 115 gemmis 111111511111155 51 15155155111155 5551151155 5155,
111 15151 55155555155· Ὶ1111515115 5151151515 [Mam. Mar. Lap. ,[551111 115115
5551111115 1511115 11511 55-111111511115151, 55111 1151115 111551. 55 111 11151115 Ὶ11551111151111
5151151515 1115 11511555 55 15515 5555 5555511515, -- Alii 5511115551 5555511515
1111 11555 11515115155 11Ᾰωὶ 11111151, 1111555111 15511115 1151115115 Tyri [1555 5511151-
1155 1151 1111515111 15555155,55155111 51151515, 5111515111 55151551115511ᾙ 511115
1511111 [51111115 15155115 11155151 1115511515 15151 155155515115551 51 11155 55111111-
11511 11115 11555551 1511511 1511111115. Calm- explicationem 1115115511. 115 pavimento
1111511 55515115151555115515115 5111115111 155111 51 5151151, 115 115111. iffi, 111 ,31555511
convivio 51115111 5111115111 5515155515 55 1115115511 1115151515 15151555. 011511
51111115 11111115 11151155 5151111151 115515 1115 511 1151511515 deprompta: 51 115111 115
15111ᾱί1155 syrtis 5511115 fiat. 1311555 1511111155 1155 151555 11151 1515511155 1151111
115115 5551111151.

1115 11111111 11115 Num. stiffi. [11151. 5,,1111 Sam. flisffl. 1511 1,11].Ρ5.11,-1.

[11155515 551, 11511 1111111151 55115 1155115515 1115111515 511115 1111111151, 55511155 511-

ι1111155111 Syrus, Τ115511. 51 Chasa. 11551155 qui 15111 111 1511 55555515155 511
regnum. 11111511 511551 S. Hier. : 11 1511111 Septuaginta 115511 11155 5515 1111511111
51111155 511 a 11151111, Τ555ᾶ515155 51 51115 55151. 111 ΗΙΙ, ΕΞ. 23. 35. 51. - Alii
vocem 511 5151115155 51 111-511155 5511155155 1151 5111111555155 15151111515111,51115
1115115515, 115 5515551555 111511115551555; 115 Sym* καταμεμετρημὲνος 1155111 55-
115155 5555 videtur S, 3151151151511 5111115155; 5 1155 1515111151511555 11551155
15555115155 aliqui 515111 [Rem. Ges. Thes. 11. 825 51151511 55555515515 i. 5,.
expansis 11115; Ε-1511ἰ11 : 551111115115 15555115 i. 5. 15111115 15151155 1555551. Sed
111151 1111115 511 555 1151115 115111. 1151115 115111 Ἐπ’-5111, 55111. 112511 5111511115 11155-
fatenda 5111. [J. 151115 difficilia 5151115115 legi ’1511111551 1111111511 1155111 15,
111 5151115 11551515 11155.

Quid 11111 11111155 115 55 51, gloria. 5115 1551515111, [1151111515 11551155 51
1115115 511 1555551551 cogitandi 1511555111 5115111515 explicuit. 15111 511
51151551 11511551 5515111115, 511 descriptionem 11511155 51 151555 sihi 115111
51511111 v, 15 ιι 1551Χ551115 1111 viis 31:2⁵5· 11 11715 55111111151115 111115, 1151155· 1111-
555111 551 111-15111155 111. 15 n; — adfuisse 15 dez-minutiam Tyriorum 5111511-
ἆ51551 511 51511515 55151115 55555111151·; 51 1155111551 1111151 (15511111 151-
11511515 51 1515 ut 5511551 55551551, Qualis 5515111 511 culpa 51 151115 511
55 55555551515, 1155151515]- v. 16 11 111 5111111111511115 1151151151151115 11155
5515515 511111Ι 111-1511111111 11111 1111511111115 51 1555511511, 51 111-’551 15 dt! 11155115 5151Ὶί
511111111ἰ11ἰὲ 15, 5 &samm-5· prfflffyfflts, 115 11151115 lapidum· ν15111111351111151 111 -
mgr] 1111111 51111155515115111, 15111511115511 1115111 1111515 5555551111· 1115151115
iustitiae, ordinis 111115 51 5511151 51Ἠ11151515 115115 5111111551 51511551515 511
11155 551515 51111515 11515155511115511111511151. 111 51111155515115 551551 1115-
115111 5115 nominantur: 5111111155 151111, 1115511115, 51511511155, 1111111155,
11551155. Unde multiplici 1151111515 55 5115111515111511, 111. v. 111, ῦ55111111111

