493 ΕΞ. 13 , 8-21

115111 151515111155, 5115111 -15,1«-11 51 -1Β,11151, [11111155 15515 115115 [1151155155 111τ
115 51155111111111, 511151155115151115515 5515111115 55 5511115. Qui 511 alterutra 115115
51551, 5515 1551511151 551 indicatum. 1155151 111 1155 11155 1511151515 15155155 111-Β
5111515 551111151511511515151· 55115111 555511111111111 15111515151155 51 15151* 55115111
[11155 5115111 tribui 5511115551. 5555155155 5111111 5115111155 511551 1155111 11111515
551151115551, 11111515 1151111 55115 111-5115111111, 551115 [11151155. 111-5 1515115115 551·-
1551 5551155511 555 51155 5111555111, 51 5551 1511111515 vix ’155155 1155511 15 115111,
115151155515. Cum 5515111 Ἰ1111155 55511155 55151551 1511155551 51- 111515. 515111151-
15115515 51 1511515551 5111111511515111 511115111115551551 55551515 5515 numinibus
51 15551551 5115 1111115151,11151·115 5555551151* 55511111511551 11515 111155 11551115
151155 [55551151151155111515 551111 1115115 prophetas} 5555 55115551 rem 115 1115-
11511515, 111115115155 Dei rav-‘era 11115 111-5115 111111111155 5551115555 15555151· — 115
1155 15 5111 115515151111111 5555115111, -1511155 111 1151555 51 115551111115551115
15111151155155 1511515 515511 111-55115155 5111151551511 51 111 1115 1111555 55 1511155-
55515115 exprimitur 51 51511151, 515511 51155 51115155 51 15555515 1151151515,
5111515111, 51151-15 55115 1155115111 51 1151115115 15111155 51155155511111151. Quare
51 11115111551555 1151115515 11151 15 11151555 511 5515115551 51- [11155 551115 5511151155
magnitudo 1115511 5155 511. repraesentata, 1515 1551555111 1115551 51 exhibitam
111-5 1115555111 5151515155.

111111 1555115115 151155 5 cadesbarne 551155 511 1555115551 555151111115551551
551111115511151· 51] 1511115115 555-5151111155 1151 1515 311 11111151511.; 1111115115 55-
15111 5 15111555 511 111515 111511115115551115 55115151 111 15515115 111-5115 1515551551
12 15ἰὶ1151115 555551 51 515151 111 1151555 5115111151, 51111555151551 555551151-
11515115 septemtrionem. Puto-rit 1151155 515515 1115 151155 11551115 5551151511
511 32< 12 51111. 55551, i. 5. 111111 Π mill. 55551. 151, Hem. 1515 51 1151115555 11155
11111 5111511555 55515 5515551555νὶ5 5555511515 1555551515 cubitorum, 51115 55111
555 5155 115111151151515111511515 5515115111 115155 milliarii geographici quadrati,
5551· urbi 5551555155 dimidiu 1511115115 1155111515 5551155151, terra 55551115-
1515 51151 templs] 51. 15115 1551151551 11511 1511115115 5555115511511111511-5111 5511115
55111111511551111, Terra 51115111 151111515 1111151155 55111515 1515 11555151 ΞἹΗ 11111-
uaria, 115 51 51555115 1111151155 aliquantulum 111115 1111515 1111 milliaria 55111111-
551551, 51 5511 111-1115151 111115 11111151 18 5111115115. 1111115 1515 1111155 [5111 555
5551115151 5151 11511515 1155115551 55115111 5155 551115 11555 51111155 1111151 alii
attribuitur.

:witer 155 551111, 51 55155155 15151115111155. Τ1115 15115 111515511115, 55555115-
tibur„ 51. 15111115 55555551151515 55511115511151· 5115115111 milliarium 55555, 1151111.
5551151515 551515; 15115 111-15511115 5111115115 115511551-555151 551515; 15115 11555
155151111551115 51 1111151155 551 5111115111111115 433, 115 51 5515511155 tribui
1111151 51115 51551155 5551 1151515111 5111 aliquantulum 111115 1155111 111 1511115115
51111511. 11511111. 5551155551, 115 1515 5515115151155551 1551111111 115119. - Similem
555111515115551111115111511 Gur-wey 1115 15551155155. 1151 5515551555 151155 5 5511-
15111111555 5511115. 1111 1555115551 155111115551551, 1351555151 51] 1151115111 11511115
,11515131115111511 11. 5. 1351155115155, 1111 11155 55115555 [1511155511 1155511111] i. 5,
5 515115 1511111111515 affin 1151155 ad 55511515 15111111111115 aad& 1511115115 5511-
51555155 5551155 :HQ 11555 15 11555 1115115111 distribuit τ

