111 55 mmmmm.

515 51 5155111515 51511115 111 111111551151111115, quibus 1151111 exiguis expone-
1111. 1155115 1155551 551 quud S. 11155. 1115111 ·· 15 555551511511515 populi
115551513155115 51 Γ51*515111111551 sententiae [151 propheta 1111151 1115111-
111551 1151511551 u.

[15 che-rubim 111115 115115 55115511, 2551151515, Τ115515515 1151 1315555155 p. ΞΜ
5511. 51 Β. 3511551151* 111 5511511155 1151· 1151551111 1331] 1 111 afl-i-fflst

1111111115 15155151* horum :zymhnlflrum 5551155115555 51151155 55115 151155.

,1151115 51155115 11155155555 55 5555555555 51151 1115111111 115515151111555 qui 1151
111155 1155111151 5515151111. 115511551- 151511151 Ἰ1515115111 5151115515, 55, 11511155 5511-
51551 5111515 1111515, 151 115511551· 15115111 plagam vel quattuor 115511515 51155-
115555 1151 1155111151 111-111155 55111155155. [1515111151 5111111 5551515155 551 555-
1511115 1155155511 1151111551 5155551151115, 1111551 S. Hier. 1111511115 51155155 111-5-
115511 51 1111551 1515 11155511111151κῒ1.ι §myas-ius 15 11515.. :J 15 ΕΞ, 51 1155111 Enim:
11551155 adoptat. Unam 5111515555] 15 11555 1515 1115115111 5111155551 : 5551
1111111515 quattuor: 1111115111, 151155 151111551, 511111 5515511155 111511151- 51 551. 15
,1555111115 universum, 51111155 55 1111511115 5555151551, 115111 111111 5515515 11515-
1155 5555511111; 1111115111 11511555 1111511551, 111115 515555 15 1151155 155111 11155111·-
115115111 5515111515, 51 1151515 1-11151-55151ς 11551155 11111151, 5511. 11115 15 coelum:
11551155 155551 15111115, i. 5, 5515511551 1155155515 1555111151 51 5555551 1155-
11551515115 reddebant ’1151 1151515 51 115551155ἱί5 1155511111 tege-bant- 15 51511115
5111111115 151511111- 551155 1115 11111 51111111 15 5515551 151·1“551; 1111155 11511551 151,-
155, 11515 15 51115515 1111115111 5155 55515151555 551 tergiversatione 551 51111515-
11555 111111 51551 511 [151 5515 515. 515, 1151551 1551 Multi. 5511115 ’11555 51111551-
1155515, 11111155 1151115 [15111111] 1515511551155 551 n 115115 [55551115511 incongrue:
u 1111155111 1111111 1155111515, 51 figura 1111 5155551151115 555515155115151, 115511 555
111115151- 5515155115 11511 115555, 111511 5111115 1155111515 115511 15 1151. 15 111111551-
mum 551, 5115151111515115 argumento 111-5111115155 551155515555 511; agebat
1115511515 115 11115151511551115111 551111111515, 11551555] 551115 5155115115155 1151
1115551511· 11515115 115111-511111 1111 5115115551 115111 555 511 5115111155 111-5555111111115-
11151111555111155115511151 11. 111. 115511 1111555 1111 555 apta 1111555 5555111155115111. g.
per 555 1111115155] 1155115515 1111551 afferri 51551111, 1115511115 51115 5515511151 5555
5515 11551-11111155515 15 liturgia 5511511 5555155555154111551.

Alii 111 55 5151551 ’15151555 11111515 [1555115515 5151551515111 1111155111 51 [115-
1111155115111 5515555155 5111111551 5555 5551551551 151551 5111111515 5551511 (cf,
Tsfflndss. 111111111511151151111115111111151551 Dominum 551511111111155111551,Ι 1111111. 15
115 11155511111551155 5551551515 151155 51111555 Significat· cflssigit, 5551 115511115-
111115 115 1151111551· 5511551551 551115151511555 agat, Chaldafflrum 5511. 55511115-
1515, 11551151151-1151, Τ;1-“1·151“11111, 1111155 511, 55 5555151111 quia ΞΕ, 111 1511 Tyri
appelletur 51151’1111; 1· igitur 51155515 115155 55515515115 5555 arbitror 1515 51
111151 1551555151551 11555 1111111515 1515115511111, 1111511551·- illa 1511511 [155515115515
11115515 51551 huz: 111115 5551151151551111· 151155 111155 11555151155151* 1151515551
quud 51 51511111511151* 11551151· 111] 5511155 gena-ralis 55151551 regn-:nrum 'hypoty-
115515. Quattuor* 511151 551155115 1111511551* 11555 1511511, 11515115 5515115111 1551511-
15111 55151551 51 -5551111155551 significant, 115115 1151111551· 1111115111 155155, 115111

